500
1000000000 100 1 3
1000000000 100 2 2
100 3 98 2
3 2 1 1
999999999 4 2 3
3 4 1 2
1000000000 1000000000 1 1
4 1000000000 1 2
100 100 1 99
1000000000 2 3 1
3 1000000000 1 638408569
3 3 2 1
999999999 1000000000 999999998 999999999
999999999 2 3 1
2 999999999 1 354427649
100 999999999 3 2
100 2 3 1
999999999 999999999 999999998 3
4 1000000000 1 1
100 100 1 2
4 345870621 1 11170728
999999999 100 1 99
3 1000000000 2 174737436
100 1000000000 99 999999999
999999999 1000000000 999999998 3
4 999999999 3 2
2 270189690 1 1
19089712 3 3 1
1000000000 4 999999999 1
999999999 489345280 108542079 3
1000000000 999999999 1 2
404696558 1000000000 344580310 355699065
4 100 3 2
100 4 3 2
1000000000 1000000000 999999999 1
2 999999999 1 3
3 190048202 1 3
100 999999999 2 2
474573491 100 2 2
1000000000 1000000000 2 1
1000000000 100 3 1
201238540 100 49757290 14
4 100 2 99
632200338 3 1 2
4 4 1 3
100 1000000000 1 999999999
999999999 100 3 2
66434218 3 2 2
606735969 100 574575067 9
1000000000 100 2 3
713458743 999999999 1 232415301
999999999 4 999999998 1
4 999999999 1 1
999999999 1000000000 3 2
100 100 3 1
2 4 1 1
100 999999999 99 999999998
3 637320062 1 460765579
688697997 456509775 2 1
142421367 2 48241495 1
999999999 1000000000 3 780175482
100 1000000000 2 1
4 100 1 1
38475058 4 38289611 2
4 2 1 1
1000000000 4 606716047 3
999999999 1000000000 2 2
999999999 153855548 3 2
4 1000000000 1 809590669
1000000000 100 1 1
1000000000 4 2 3
4 100 3 3
100 1000000000 3 1
1000000000 4 3 1
3 1000000000 1 1
630783940 100 3 2
2 1000000000 1 1
999999999 999999999 2 3
100 1000000000 3 3
100 999999999 3 1
999999999 2 1 1
3 100 1 2
100 461180180 3 3
1000000000 2 999999999 1
999999999 999999999 2 2
100 999999999 2 999999998
999999999 100 2 2
999999999 553819129 274277625 13275303
999999999 100 1 2
4 1000000000 2 1
100 492122489 3 2
1000000000 3 1 2
1000000000 100 450060632 3
1000000000 4 3 3
205684158 100 1 3
999999999 999999999 3 1
100 4 1 2
2 1000000000 1 999999999
100 999999999 3 999999998
1000000000 3 2 1
100 100 1 3
755742919 1000000000 2 2
1000000000 999999999 2 3
100 4 2 2
100 2 2 1
2 100 1 99
100 999999999 99 2
999999999 999999999 13776769 2
4 1000000000 2 2
100 1000000000 2 999999999
100 100 70 2
999999999 999999999 1 713021361
4 625855660 3 1
3 1000000000 2 2
2 611627491 1 2
100 999999999 1 2
100 100 1 1
999999999 100 999999998 99
999999999 3 3 2
1000000000 999999999 1 1
135818523 100 127108945 1
4 1000000000 2 999999999
4 999999999 2 471976874
2 100 1 1
704993648 595827515 1 3
100 1000000000 1 1
1000000000 916764387 127932786 3
100 100 99 3
1000000000 100 872721048 64
100 100 3 48
999999999 4 999999998 3
999999999 100 2 1
1000000000 1000000000 1 4469475
100 999999999 1 913663288
1000000000 999999999 3 1
100 4 99 2
2 999999999 1 2
100 100 2 1
3 100 1 1
1000000000 100 99694839 3
100 1000000000 99 2
999999999 3 1 2
3 1000000000 2 1
100 100 2 2
100 999999999 99 1
76553835 3 3 2
1000000000 100 1 99
4 773392332 2 3
4 100 2 3
100 100 99 99
3 100 1 3
999999999 3 1 1
100 1000000000 2 3
999999999 100 2 99
999999999 999999999 999999998 2
4 999999999 3 3
270079655 4 13920983 1
1000000000 4 1 3
1000000000 999999999 3 999999998
4 999999999 2 999999998
2 999999999 1 999999998
999999999 999999999 1 3
999999999 4 90975763 3
100 4 2 1
1000000000 100 999999999 1
2 100 1 3
4 21218471 2 2
568263512 100 2 43
100 3 3 1
4 1000000000 3 999999999
1000000000 84082569 375561153 2
4 1000000000 1 3
2 3 1 2
422251405 1000000000 332267304 3
4 142306207 2 3
999999999 1000000000 3 1
4 999999999 2 1
160776118 100 1 1
2 4 1 3
3 100 2 99
1000000000 4 3 2
1000000000 999999999 2 2
1000000000 1000000000 3 3
3 1000000000 2 999999999
999999999 100 999999998 3
999999999 1000000000 2 1
1000000000 100 999999999 99
400638252 4 3 2
586838884 999999999 2 2
100 4 1 3
4 3 1 1
1000000000 100 3 99
999999999 1000000000 3 218565021
1000000000 1000000000 3 999999999
1000000000 352351844 795508322 1
4 314723735 2 2
3 1000000000 1 999999999
1000000000 2 592728920 1
999999999 878891013 1 3
999999999 4 3 1
2 999999999 1 1
1000000000 1000000000 1 3
4 4 3 3
999999999 1000000000 2 724564983
699118378 100 371255050 53
100 3 2 2
1000000000 3 3 2
3 100 2 3
4 999999999 2 2
100 999999999 2 3
3 2 2 1
543390985 2 25843304 1
1000000000 1000000000 1 999999999
999999999 734992451 64730372 1
1000000000 999999999 2 999999998
207868204 1000000000 2 225202610
1000000000 100 1 2
1000000000 999999999 999999999 1
4 4 2 1
1000000000 999999999 1 999999998
159636198 2 132750702 1
4 1000000000 1 999999999
1000000000 3 198570665 2
4 4 3 1
999999999 100 999999998 2
100 3 3 2
999999999 999999999 1 2
2 1000000000 1 2
100 2 9 1
4 3 2 2
4 4 3 2
427727826 1000000000 3 1
1000000000 4 1 2
999999999 1000000000 2 999999999
100 616551719 3 3
1000000000 1000000000 2 2
3 4 2 2
499812538 999999999 1 1
945684593 999999999 725490874 3
3 999999999 1 2
999999999 100 1 3
2 590064564 1 410727603
1000000000 1000000000 999999999 999999999
2 2 1 1
1000000000 3 2 2
999999999 1000000000 2 3
999999999 100 2 3
1000000000 999999999 3 2
100 39439397 2 35075686
1000000000 1000000000 245797795 1
163592637 549432548 2 110629430
999999999 100 3 89
3 1000000000 1 3
999999999 999999999 3 361042743
100 100 3 2
100 2 1 1
1000000000 100 3 2
100 100 2 80
999999999 2 999999998 1
100 4 84 3
3 999999999 2 3
100 4 99 3
3 560442205 2 3
4 100 3 1
904027769 100 278679397 3
4 1000000000 2 3
999999999 4 37069733 2
903145896 4 200741956 3
1000000000 4 120887411 1
2 100 1 2
100 999999999 43 2
3 999999999 1 3
4 100 2 2
3 3 2 2
1000000000 354487415 2 1
271589777 216429783 1 1
4 100 1 3
1000000000 748176992 2 3
1000000000 999999999 90055928 1
999999999 4 2 2
4 3 3 2
1000000000 1000000000 2 3
100 999999999 99 3
999999999 2 2 1
2 4 1 2
100 3 1 2
4 1000000000 3 2
1000000000 100 999999999 3
1000000000 999999999 3 3
1000000000 999999999 999999999 999999998
990898699 2 1 1
999999999 1000000000 1 1
100 999999999 3 607160337
4 3 1 2
1000000000 3 999999999 2
4 999999999 2 3
100 999999999 72 3
999999999 1000000000 1 2
100 1000000000 2 2
4 999999999 3 999999998
100 999999999 1 3
992439437 2 2 1
351511977 1000000000 3 1
100 397986566 65 2
999999999 100 3 99
4 308024713 3 2
999999999 4 999999998 2
216458893 858261817 2 730048733
1000000000 760355100 2 1
1000000000 4 999999999 3
3 999999999 1 701097245
126406469 999999999 3 3
100 916630865 1 2
100 4 99 1
914040527 100 1 2
1000000000 3 1 1
4 999999999 1 2
4 999999999 3 1
4 100 2 91
1000000000 743670139 3 3
349725997 3 3 2
4 100 2 1
100 1000000000 3 2
100 3 99 1
4 3 2 1
312920545 1000000000 309279031 2
1000000000 100 3 3
874810763 1000000000 1 903855415
999999999 1000000000 488516079 1
4 999999999 1 999999998
100 3 1 1
3 4 2 3
4 100 1 2
999999999 3 976671636 2
1000000000 100 3 32
999999999 3 999999998 2
4 100 2 71
100 470997877 1 2
3 387806766 2 3
1000000000 100 2 99
3 999999999 2 217585714
999999999 4 1 3
4 100 3 99
999999999 4 627313199 3
1000000000 100 999999999 2
100 1000000000 99 1
820459816 1000000000 228363612 2
100 1000000000 1 2
999999999 3 3 1
100 4 1 1
1000000000 3 3 1
1000000000 1000000000 999999999 2
999999999 4 1 2
100 1000000000 3 999999999
977912389 734778827 532290378 1
999999999 4 3 3
900930753 3 3 1
2 3 1 1
999999999 1000000000 3 3
1000000000 4 999999999 2
809198703 3 2 1
1000000000 1000000000 3 2
3 999999999 2 478452455
1000000000 1000000000 2 999999999
999999999 1000000000 1 999999999
588175668 2 2 1
100 999999999 83 1
475576299 79599546 62711377 1
4 4 2 3
3 3 1 2
671771882 1000000000 458242975 1
406955220 100 2 1
1000000000 293794518 859896680 2
4 249842301 1 1
1000000000 999999999 999999999 3
621335426 20082604 2 3
1000000000 1000000000 301408972 2
100 4 3 3
999999999 100 2 11
999999999 3 132294377 2
4 4 1 1
999999999 4 1 1
377173489 999999999 3 1
999999999 999999999 3 2
998645846 2 2 1
100 100 2 3
100 4 3 1
241065083 1000000000 1 1
1000000000 999999999 2 47219043
543383962 764857696 2 41522173
4 3 3 1
3 1000000000 2 3
3 4 1 1
1000000000 1000000000 999999999 3
1000000000 1000000000 244626410 3
4 4 1 2
1000000000 1000000000 1 2
100 1000000000 1 3
999999999 999999999 1 999999998
100 999999999 2 1
372315310 428364244 1 1
999999999 999999999 1 1
3 4 2 1
779009402 100 3 3
1000000000 2 2 1
3 49194494 2 1
999999999 999999999 999999998 999999998
100 2 99 1
3 3 1 1
3 525092475 2 3
100 999999999 1 999999998
100 100 2 99
2 501785784 1 334445275
999999999 999999999 2 1
3 332461468 2 3
2 1000000000 1 3
3 100 1 64
4 1000000000 3 1
1000000000 100 2 27
4 4 2 2
1000000000 999999999 2 1
3 100 2 2
1000000000 1000000000 3 1
999999999 999999999 999999998 1
999999999 1000000000 1 3
70829133 100 3 26
4 198068727 2 2
999999999 3 2 1
880984255 1000000000 1 3
1000000000 935367125 2 688653704
999999999 3 2 2
999999999 4 618409559 1
1000000000 999999999 1 3
4 1000000000 3 3
1000000000 723284552 647366837 1
1000000000 2 1 1
3 100 2 1
1000000000 3 999999999 1
999999999 1000000000 3 999999999
100 100 3 99
803061495 4 3 3
4 2 3 1
100 3 2 1
4 1000000000 2 812085677
1000000000 999999999 999999999 2
3 4 1 3
999999999 999999999 3 999999998
3 999999999 1 1
4 292678792 1 2
4 100 1 99
999999999 999999999 2 999999998
100 999999999 1 1
946260157 2 1 1
3 999999999 2 999999998
1000000000 4 1 1
163708539 999999999 3 3
999999999 1000000000 999999998 1
452792670 1000000000 2 115192647
100 4 2 3
3 999999999 2 2
365482087 971250614 97597 28576180
999999999 100 3 3
100 100 99 1
826551905 100 1 49
100 100 99 2
275678673 999999999 1 1
515006471 3 3 2
100 1000000000 99 3
3 999999999 1 79992930
100 999999999 5 3
999999999 100 999999998 1
3 100 1 99
3 1000000000 1 859457977
100 3 99 2
4 999999999 1 3
3 348674172 2 208198940
3 1000000000 1 2
999999999 999999999 3 3
999999999 100 3 1
100 100 3 3
1000000000 100 75322340 3
1000000000 889034323 2 585497466
804684832 197217720 1 153175513
569981406 4 2 2
3 999999999 1 999999998
3 999999999 2 1
999999999 4 2 1
1000000000 100 2 1
999999999 100 1 1
1000000000 4 2 2
4 2 2 1
999999999 1000000000 999999998 2
1000000000 4 2 1
999999999 4 3 2
999999999 1000000000 3 233117279
999999999 3 999999998 1
770491971 1000000000 3 1
3 811153361 1 12686097
999999999 100 1 92
100 999999999 3 3
